Untituled           
[AxisX]
Max=1600.056
Min=0.154
Incr=0
Auto=1
Inv=0
Log=0
iAxisType=0
UnitIndex=1
[AxisY]
Max=16.7428815841675
Min=-28.3308851242065
Incr=0
Auto=0
Inv=0
Log=0
iAxisType=0
UnitIndex=1
