Untituled           
[AxisX]
Max=1079.898
Min=0.193
Incr=0
Auto=1
Inv=0
Log=0
iAxisType=0
UnitIndex=1
[AxisY]
Max=13.5140590667725
Min=-19.0822792053223
Incr=0
Auto=1
Inv=0
Log=0
iAxisType=0
UnitIndex=1
