Untituled           
[AxisX]
Max=1600.056
Min=0.154
Incr=0
Auto=1
Inv=0
Log=0
iAxisType=0
UnitIndex=1
[AxisY]
Max=14.4729328155518
Min=-22.3187885284424
Incr=0
Auto=1
Inv=0
Log=0
iAxisType=0
UnitIndex=1
