Untituled           
[AxisX]
Max=1079.899
Min=0.193
Incr=0
Auto=1
Inv=0
Log=0
iAxisType=0
UnitIndex=1
[AxisY]
Max=13.1898031234741
Min=-17.1467170715332
Incr=0
Auto=1
Inv=0
Log=0
iAxisType=0
UnitIndex=1
