Untituled           
[AxisX]
Max=1799.995
Min=0.193
Incr=0
Auto=1
Inv=0
Log=0
iAxisType=0
UnitIndex=1
[AxisY]
Max=10.8430051803589
Min=-14.9877195358276
Incr=0
Auto=1
Inv=0
Log=0
iAxisType=0
UnitIndex=1
