Untituled  
[AxisX]
Max=0.704526000976562
Min=-0.206683441162109
Incr=0
Auto=1
Inv=0
Log=0
iAxisType=2
UnitIndex=1
[AxisY]
Max=125.579584598541
Min=-275.581108570099
Incr=0
Auto=1
Inv=0
Log=0
iAxisType=2
UnitIndex=1
