Untituled  
[AxisX]
Max=800.01
Min=0.154
Incr=0
Auto=1
Inv=0
Log=0
iAxisType=0
UnitIndex=1
[AxisY]
Max=42.5540390014648
Min=-87.4336853027344
Incr=0
Auto=1
Inv=0
Log=0
iAxisType=0
UnitIndex=1
