Untituled  
[AxisX]
Max=1379.999
Min=0.154
Incr=0
Auto=1
Inv=0
Log=0
iAxisType=0
UnitIndex=1
[AxisY]
Max=43.1166839599609
Min=-86.1335144042969
Incr=0
Auto=1
Inv=0
Log=0
iAxisType=0
UnitIndex=1
