Untituled  
[AxisX]
Max=1600.057
Min=0.154
Incr=0
Auto=1
Inv=0
Log=0
iAxisType=0
UnitIndex=1
[AxisY]
Max=26.1938495635986
Min=-56.0914840698242
Incr=0
Auto=1
Inv=0
Log=0
iAxisType=0
UnitIndex=1
