Untituled  
[AxisX]
Max=1559.998
Min=0.154
Incr=0
Auto=1
Inv=0
Log=0
iAxisType=0
UnitIndex=1
[AxisY]
Max=24.4472885131836
Min=-52.2682266235352
Incr=0
Auto=1
Inv=0
Log=0
iAxisType=0
UnitIndex=1
