Untituled                     
[AxisX]
Max=799.944
Min=0.154
Incr=0
Auto=1
Inv=0
Log=0
iAxisType=0
UnitIndex=1
[AxisY]
Max=42.4181594848633
Min=-99.1553421020508
Incr=0
Auto=1
Inv=0
Log=0
iAxisType=0
UnitIndex=1
