Untituled                     
[AxisX]
Max=1600.057
Min=0.154
Incr=0
Auto=1
Inv=0
Log=0
iAxisType=0
UnitIndex=1
[AxisY]
Max=42.9808044433594
Min=-97.6027908325195
Incr=0
Auto=1
Inv=0
Log=0
iAxisType=0
UnitIndex=1
