Untituled                     
[AxisX]
Max=1559.927
Min=0.154
Incr=0
Auto=1
Inv=0
Log=0
iAxisType=0
UnitIndex=1
[AxisY]
Max=47.9879760742188
Min=-96.2444915771484
Incr=0
Auto=1
Inv=0
Log=0
iAxisType=0
UnitIndex=1
