Untituled                     
[AxisX]
Max=1559.926
Min=0.154
Incr=0
Auto=1
Inv=0
Log=0
iAxisType=0
UnitIndex=1
[AxisY]
Max=43.5243225097656
Min=-106.99585723877
Incr=0
Auto=1
Inv=0
Log=0
iAxisType=0
UnitIndex=1
