Untituled                     
[AxisX]
Max=1559.942
Min=0.154
Incr=0
Auto=1
Inv=0
Log=0
iAxisType=0
UnitIndex=1
[AxisY]
Max=50.0450477600098
Min=-127.800079345703
Incr=0
Auto=1
Inv=0
Log=0
iAxisType=0
UnitIndex=1
