Untituled                     
[AxisX]
Max=1559.978
Min=0.154
Incr=0
Auto=1
Inv=0
Log=0
iAxisType=0
UnitIndex=1
[AxisY]
Max=44.8634948730469
Min=-72.9171905517578
Incr=0
Auto=1
Inv=0
Log=0
iAxisType=0
UnitIndex=1
