Untituled                     
[AxisX]
Max=1559.936
Min=0.154
Incr=0
Auto=1
Inv=0
Log=0
iAxisType=0
UnitIndex=1
[AxisY]
Max=49.3268966674805
Min=-61.9134330749512
Incr=0
Auto=1
Inv=0
Log=0
iAxisType=0
UnitIndex=1
