Untituled                     
[AxisX]
Max=1559.931
Min=0.154
Incr=0
Auto=1
Inv=0
Log=0
iAxisType=0
UnitIndex=1
[AxisY]
Max=41.8552665710449
Min=-50.0946502685547
Incr=0
Auto=1
Inv=0
Log=0
iAxisType=0
UnitIndex=1
