Untituled                     
[AxisX]
Max=1559.914
Min=0.154
Incr=0
Auto=1
Inv=0
Log=0
iAxisType=0
UnitIndex=1
[AxisY]
Max=46.3382949829102
Min=-37.3055839538574
Incr=0
Auto=1
Inv=0
Log=0
iAxisType=0
UnitIndex=1
