Untituled                     
[AxisX]
Max=1559.92
Min=0.154
Incr=0
Auto=1
Inv=0
Log=0
iAxisType=0
UnitIndex=1
[AxisY]
Max=34.7912712097168
Min=-25.5836849212646
Incr=0
Auto=1
Inv=0
Log=0
iAxisType=0
UnitIndex=1
