Untituled 
[AxisX]
Max=399.935
Min=0.154
Incr=0
Auto=1
Inv=0
Log=0
iAxisType=0
UnitIndex=1
[AxisY]
Max=9.80897045135498
Min=-17.795202255249
Incr=0
Auto=1
Inv=0
Log=0
iAxisType=0
UnitIndex=1
