Untituled  
[AxisX]
Max=79.929
Min=0.154
Incr=0
Auto=1
Inv=0
Log=0
iAxisType=1
UnitIndex=1
[AxisY]
Max=825.154113769531
Min=-1532.07055664063
Incr=0
Auto=1
Inv=0
Log=0
iAxisType=1
UnitIndex=0
