Untituled  
[AxisX]
Max=299.936
Min=0.154
Incr=0
Auto=1
Inv=0
Log=0
iAxisType=1
UnitIndex=1
[AxisY]
Max=851.80029296875
Min=-1531.50134277344
Incr=0
Auto=1
Inv=0
Log=0
iAxisType=1
UnitIndex=0
