Untituled        
[AxisX]
Max=1600.056
Min=0.154
Incr=0
Auto=1
Inv=0
Log=0
iAxisType=0
UnitIndex=1
[AxisY]
Max=21.4085826873779
Min=-44.4404792785645
Incr=0
Auto=1
Inv=0
Log=0
iAxisType=0
UnitIndex=1
