Untituled        
[AxisX]
Max=269.927
Min=0.193
Incr=0
Auto=1
Inv=0
Log=0
iAxisType=0
UnitIndex=1
[AxisY]
Max=20.3310699462891
Min=-42.5819969177246
Incr=0
Auto=1
Inv=0
Log=0
iAxisType=0
UnitIndex=1
