Untituled        
[AxisX]
Max=799.943
Min=0.154
Incr=0
Auto=1
Inv=0
Log=0
iAxisType=0
UnitIndex=1
[AxisY]
Max=22.2172088623047
Min=-47.2064323425293
Incr=0
Auto=1
Inv=0
Log=0
iAxisType=0
UnitIndex=1
