Untituled        
[AxisX]
Max=1600.056
Min=0.154
Incr=0
Auto=1
Inv=0
Log=0
iAxisType=0
UnitIndex=1
[AxisY]
Max=22.1104412078857
Min=-45.9509887695313
Incr=0
Auto=1
Inv=0
Log=0
iAxisType=0
UnitIndex=1
