Untituled        
[AxisX]
Max=809.928
Min=0.193
Incr=0
Auto=1
Inv=0
Log=0
iAxisType=0
UnitIndex=1
[AxisY]
Max=20.8490753173828
Min=-43.0822105407715
Incr=0
Auto=1
Inv=0
Log=0
iAxisType=0
UnitIndex=1
