Untituled        
[AxisX]
Max=1600.055
Min=0.154
Incr=0
Auto=1
Inv=0
Log=0
iAxisType=0
UnitIndex=1
[AxisY]
Max=21.392765045166
Min=-44.080638885498
Incr=0
Auto=1
Inv=0
Log=0
iAxisType=0
UnitIndex=1
