Untituled        
[AxisX]
Max=809.927
Min=0.193
Incr=0
Auto=1
Inv=0
Log=0
iAxisType=0
UnitIndex=1
[AxisY]
Max=20.3804950714111
Min=-41.8406105041504
Incr=0
Auto=1
Inv=0
Log=0
iAxisType=0
UnitIndex=1
