Untituled        
[AxisX]
Max=809.928
Min=0.193
Incr=0
Auto=1
Inv=0
Log=0
iAxisType=0
UnitIndex=1
[AxisY]
Max=20.0898723602295
Min=-41.3245811462402
Incr=0
Auto=1
Inv=0
Log=0
iAxisType=0
UnitIndex=1
