Untituled 
[AxisX]
Max=0.737928405761719
Min=-0.217570892333984
Incr=0
Auto=1
Inv=0
Log=0
iAxisType=2
UnitIndex=1
[AxisY]
Max=3.22920870780945
Min=-8.31700611114502
Incr=0
Auto=1
Inv=0
Log=0
iAxisType=2
UnitIndex=1
