Untituled 
[AxisX]
Max=0.702400390625
Min=-0.203298950195312
Incr=0
Auto=1
Inv=0
Log=0
iAxisType=2
UnitIndex=1
[AxisY]
Max=1.92828869819641
Min=-0.932566046714783
Incr=0
Auto=1
Inv=0
Log=0
iAxisType=2
UnitIndex=1
