Untituled                   
[AxisX]
Max=799.944
Min=0.154
Incr=0
Auto=1
Inv=0
Log=0
iAxisType=0
UnitIndex=1
[AxisY]
Max=34.2090034484863
Min=-76.1775512695313
Incr=0
Auto=1
Inv=0
Log=0
iAxisType=0
UnitIndex=1
