Untituled                   
[AxisX]
Max=1600.057
Min=0.154
Incr=0
Auto=1
Inv=0
Log=0
iAxisType=0
UnitIndex=1
[AxisY]
Max=34.5776405334473
Min=-78.3317489624023
Incr=0
Auto=1
Inv=0
Log=0
iAxisType=0
UnitIndex=1
