Untituled                   
[AxisX]
Max=1214.961
Min=0.154
Incr=0
Auto=1
Inv=0
Log=0
iAxisType=0
UnitIndex=1
[AxisY]
Max=33.4327239990234
Min=-77.5748519897461
Incr=0
Auto=1
Inv=0
Log=0
iAxisType=0
UnitIndex=1
