Untituled                   
[AxisX]
Max=1394.964
Min=0.154
Incr=0
Auto=1
Inv=0
Log=0
iAxisType=0
UnitIndex=1
[AxisY]
Max=34.8106460571289
Min=-76.6629409790039
Incr=0
Auto=1
Inv=0
Log=0
iAxisType=0
UnitIndex=1
