Untituled                   
[AxisX]
Max=1394.963
Min=0.154
Incr=0
Auto=1
Inv=0
Log=0
iAxisType=0
UnitIndex=1
[AxisY]
Max=35.1017837524414
Min=-81.3593521118164
Incr=0
Auto=1
Inv=0
Log=0
iAxisType=0
UnitIndex=1
