Untituled                   
[AxisX]
Max=1600.057
Min=0.154
Incr=0
Auto=1
Inv=0
Log=0
iAxisType=0
UnitIndex=1
[AxisY]
Max=39.6816902160645
Min=-91.7614593505859
Incr=0
Auto=1
Inv=0
Log=0
iAxisType=0
UnitIndex=1
