Untituled                   
[AxisX]
Max=1454.965
Min=0.154
Incr=0
Auto=1
Inv=0
Log=0
iAxisType=0
UnitIndex=1
[AxisY]
Max=37.294734954834
Min=-85.8423843383789
Incr=0
Auto=1
Inv=0
Log=0
iAxisType=0
UnitIndex=1
