Untituled                 
[AxisX]
Max=799.943
Min=0.154
Incr=0
Auto=1
Inv=0
Log=0
iAxisType=0
UnitIndex=1
[AxisY]
Max=82.7651748657227
Min=-161.315872192383
Incr=0
Auto=1
Inv=0
Log=0
iAxisType=0
UnitIndex=1
