Untituled                 
[AxisX]
Max=1600.056
Min=0.154
Incr=0
Auto=1
Inv=0
Log=0
iAxisType=0
UnitIndex=1
[AxisY]
Max=93.0895309448242
Min=-175.715866088867
Incr=0
Auto=1
Inv=0
Log=0
iAxisType=0
UnitIndex=1
