Untituled                 
[AxisX]
Max=660.005
Min=0.154
Incr=0
Auto=1
Inv=0
Log=0
iAxisType=0
UnitIndex=1
[AxisY]
Max=62.5478088378906
Min=-204.258641052246
Incr=0
Auto=0
Inv=0
Log=0
iAxisType=0
UnitIndex=1
