Untituled                 
[AxisX]
Max=1080.025
Min=0.154
Incr=0
Auto=1
Inv=0
Log=0
iAxisType=0
UnitIndex=1
[AxisY]
Max=94.0016860961914
Min=-176.899520874023
Incr=0
Auto=1
Inv=0
Log=0
iAxisType=0
UnitIndex=1
