Untituled                 
[AxisX]
Max=660.005
Min=0.154
Incr=0
Auto=1
Inv=0
Log=0
iAxisType=0
UnitIndex=1
[AxisY]
Max=93.05078125
Min=-173.542282104492
Incr=0
Auto=1
Inv=0
Log=0
iAxisType=0
UnitIndex=1
