Untituled             
[AxisX]
Max=1439.952
Min=0.193
Incr=0
Auto=1
Inv=0
Log=0
iAxisType=0
UnitIndex=1
[AxisY]
Max=1.91641986370087
Min=-4.5209903717041
Incr=0
Auto=1
Inv=0
Log=0
iAxisType=0
UnitIndex=1
