Untituled             
[AxisX]
Max=1127.594
Min=0.193
Incr=0
Auto=1
Inv=0
Log=0
iAxisType=0
UnitIndex=1
[AxisY]
Max=2.10029888153076
Min=-4.64752435684204
Incr=0
Auto=1
Inv=0
Log=0
iAxisType=0
UnitIndex=1
