Untituled             
[AxisX]
Max=2279.872
Min=0.193
Incr=0
Auto=1
Inv=0
Log=0
iAxisType=0
UnitIndex=1
[AxisY]
Max=2.11611557006836
Min=-4.81953430175781
Incr=0
Auto=1
Inv=0
Log=0
iAxisType=0
UnitIndex=1
