Untituled              
[AxisX]
Max=3880.188
Min=0.154
Incr=0
Auto=1
Inv=0
Log=0
iAxisType=0
UnitIndex=1
[AxisY]
Max=2.50361299514771
Min=-5.76459074020386
Incr=0
Auto=1
Inv=0
Log=0
iAxisType=0
UnitIndex=1
