Untituled              
[AxisX]
Max=2759.928
Min=0.193
Incr=0
Auto=1
Inv=0
Log=0
iAxisType=0
UnitIndex=1
[AxisY]
Max=2.2979953289032
Min=-5.21890068054199
Incr=0
Auto=1
Inv=0
Log=0
iAxisType=0
UnitIndex=1
