Untituled              
[AxisX]
Max=3880.189
Min=0.154
Incr=0
Auto=1
Inv=0
Log=0
iAxisType=0
UnitIndex=1
[AxisY]
Max=2.79426121711731
Min=-6.25490951538086
Incr=0
Auto=1
Inv=0
Log=0
iAxisType=0
UnitIndex=1
