Untituled               
[AxisX]
Max=3880.188
Min=0.154
Incr=0
Auto=1
Inv=0
Log=0
iAxisType=0
UnitIndex=1
[AxisY]
Max=3.85200834274292
Min=-6.30038547515869
Incr=0
Auto=1
Inv=0
Log=0
iAxisType=0
UnitIndex=1
