Untituled               
[AxisX]
Max=4499.925
Min=0.193
Incr=0
Auto=1
Inv=0
Log=0
iAxisType=0
UnitIndex=1
[AxisY]
Max=2.32962870597839
Min=-5.7309832572937
Incr=0
Auto=1
Inv=0
Log=0
iAxisType=0
UnitIndex=1
