Untituled         
[AxisX]
Max=799.943
Min=0.154
Incr=0
Auto=1
Inv=0
Log=0
iAxisType=0
UnitIndex=1
[AxisY]
Max=5.641273021698
Min=-10.4641342163086
Incr=0
Auto=1
Inv=0
Log=0
iAxisType=0
UnitIndex=1
