Untituled         
[AxisX]
Max=809.927
Min=0.193
Incr=0
Auto=1
Inv=0
Log=0
iAxisType=0
UnitIndex=1
[AxisY]
Max=6.6060938835144
Min=-9.58431911468506
Incr=0
Auto=1
Inv=0
Log=0
iAxisType=0
UnitIndex=1
