Untituled         
[AxisX]
Max=680.002
Min=0.154
Incr=0
Auto=1
Inv=0
Log=0
iAxisType=0
UnitIndex=1
[AxisY]
Max=7.11815166473389
Min=-11.7492370605469
Incr=0
Auto=1
Inv=0
Log=0
iAxisType=0
UnitIndex=1
