Untituled         
[AxisX]
Max=1199.981
Min=0.193
Incr=0
Auto=1
Inv=0
Log=0
iAxisType=0
UnitIndex=1
[AxisY]
Max=6.74647092819214
Min=-9.89275741577148
Incr=0
Auto=1
Inv=0
Log=0
iAxisType=0
UnitIndex=1
