Untituled                  
[AxisX]
Max=598.324
Min=0.154
Incr=0
Auto=1
Inv=0
Log=0
iAxisType=0
UnitIndex=1
[AxisY]
Max=34.1508750915527
Min=-82.4655151367188
Incr=0
Auto=1
Inv=0
Log=0
iAxisType=0
UnitIndex=1
