Untituled                  
[AxisX]
Max=349.937
Min=0.154
Incr=0
Auto=1
Inv=0
Log=0
iAxisType=0
UnitIndex=1
[AxisY]
Max=33.102840423584
Min=-80.1366882324219
Incr=0
Auto=1
Inv=0
Log=0
iAxisType=0
UnitIndex=1
