Untituled                  
[AxisX]
Max=1600.056
Min=0.154
Incr=0
Auto=1
Inv=0
Log=0
iAxisType=0
UnitIndex=1
[AxisY]
Max=35.625675201416
Min=-85.9198837280273
Incr=0
Auto=1
Inv=0
Log=0
iAxisType=0
UnitIndex=1
