Untituled                  
[AxisX]
Max=1049.938
Min=0.154
Incr=0
Auto=1
Inv=0
Log=0
iAxisType=0
UnitIndex=1
[AxisY]
Max=33.1997184753418
Min=-80.8742141723633
Incr=0
Auto=1
Inv=0
Log=0
iAxisType=0
UnitIndex=1
