Untituled                  
[AxisX]
Max=1600.056
Min=0.154
Incr=0
Auto=1
Inv=0
Log=0
iAxisType=0
UnitIndex=1
[AxisY]
Max=35.9168128967285
Min=-85.0854797363281
Incr=0
Auto=1
Inv=0
Log=0
iAxisType=0
UnitIndex=1
