Untituled                  
[AxisX]
Max=1154.983
Min=0.154
Incr=0
Auto=1
Inv=0
Log=0
iAxisType=0
UnitIndex=1
[AxisY]
Max=32.6370735168457
Min=-84.5032119750977
Incr=0
Auto=1
Inv=0
Log=0
iAxisType=0
UnitIndex=1
