Untituled                  
[AxisX]
Max=1280.037
Min=0.154
Incr=0
Auto=1
Inv=0
Log=0
iAxisType=0
UnitIndex=1
[AxisY]
Max=37.1201019287109
Min=-85.531867980957
Incr=0
Auto=1
Inv=0
Log=0
iAxisType=0
UnitIndex=1
