Untituled                  
[AxisX]
Max=1124.97
Min=0.154
Incr=0
Auto=1
Inv=0
Log=0
iAxisType=0
UnitIndex=1
[AxisY]
Max=36.7902145385742
Min=-83.7656860351563
Incr=0
Auto=1
Inv=0
Log=0
iAxisType=0
UnitIndex=1
