Untituled   
[AxisX]
Max=799.942
Min=0.154
Incr=0
Auto=1
Inv=0
Log=0
iAxisType=0
UnitIndex=1
[AxisY]
Max=40.8462295532227
Min=-94.6335601806641
Incr=0
Auto=1
Inv=0
Log=0
iAxisType=0
UnitIndex=1
