Untituled    
[AxisX]
Max=439.992
Min=0.154
Incr=0
Auto=1
Inv=0
Log=0
iAxisType=0
UnitIndex=1
[AxisY]
Max=4.32651042938232
Min=-7.72783899307251
Incr=0
Auto=1
Inv=0
Log=0
iAxisType=0
UnitIndex=1
