Untituled    
[AxisX]
Max=439.989
Min=0.154
Incr=0
Auto=1
Inv=0
Log=0
iAxisType=0
UnitIndex=1
[AxisY]
Max=6.910560131073
Min=-9.99357986450195
Incr=0
Auto=1
Inv=0
Log=0
iAxisType=0
UnitIndex=1
