Untituled     
[AxisX]
Max=40.003
Min=0.059
Incr=0
Auto=1
Inv=0
Log=0
iAxisType=0
UnitIndex=1
[AxisY]
Max=4.70213890075684
Min=-12.1762886047363
Incr=0
Auto=1
Inv=0
Log=0
iAxisType=0
UnitIndex=1
