Untituled  
[AxisX]
Max=799.942
Min=0.154
Incr=0
Auto=1
Inv=0
Log=0
iAxisType=0
UnitIndex=1
[AxisY]
Max=4.091233253479
Min=-7.94927358627319
Incr=0
Auto=1
Inv=0
Log=0
iAxisType=0
UnitIndex=1
