Untituled   
[AxisX]
Max=799.942
Min=0.154
Incr=0
Auto=1
Inv=0
Log=0
iAxisType=0
UnitIndex=1
[AxisY]
Max=4.18613386154175
Min=-7.7041015625
Incr=0
Auto=1
Inv=0
Log=0
iAxisType=0
UnitIndex=1
