Untituled    
[AxisX]
Max=1599.959
Min=0.154
Incr=0
Auto=1
Inv=0
Log=0
iAxisType=0
UnitIndex=1
[AxisY]
Max=33.9710388183594
Min=-67.6021194458008
Incr=0
Auto=1
Inv=0
Log=0
iAxisType=0
UnitIndex=1
