Untituled    
[AxisX]
Max=359.973
Min=0.154
Incr=0
Auto=1
Inv=0
Log=0
iAxisType=0
UnitIndex=1
[AxisY]
Max=51.9744300842285
Min=-81.6553039550781
Incr=0
Auto=1
Inv=0
Log=0
iAxisType=0
UnitIndex=1
