Pt / H2SO4   
50 Â/ñ

[AxisX]
Max=359.931
Min=0.154
Incr=0
Auto=1
Inv=0
Log=0
iAxisType=0
UnitIndex=1

[AxisY]
Max=24.7320709228516
Min=-28.7957286834717
Incr=0
Auto=1
Inv=0
Log=0
iAxisType=0
UnitIndex=1
