Pt / H2SO4   
50 Â/ñ

[AxisX]
Max=399.936
Min=0.154
Incr=0
Auto=1
Inv=0
Log=0
iAxisType=0
UnitIndex=1

[AxisY]
Max=18.6426277160645
Min=-25.9427928924561
Incr=0
Auto=1
Inv=0
Log=0
iAxisType=0
UnitIndex=1
