Untituled                      
[AxisX]
Max=799.944
Min=0.154
Incr=0
Auto=1
Inv=0
Log=0
iAxisType=0
UnitIndex=1
[AxisY]
Max=38.6532783508301
Min=-71.7916488647461
Incr=0
Auto=1
Inv=0
Log=0
iAxisType=0
UnitIndex=1
