Untituled                      
[AxisX]
Max=1559.926
Min=0.154
Incr=0
Auto=1
Inv=0
Log=0
iAxisType=0
UnitIndex=1
[AxisY]
Max=39.4489326477051
Min=-79.108024597168
Incr=0
Auto=1
Inv=0
Log=0
iAxisType=0
UnitIndex=1
