Untituled                      
[AxisX]
Max=702.843322753906
Min=-207.404647827148
Incr=0
Auto=1
Inv=0
Log=0
iAxisType=2
UnitIndex=0
[AxisY]
Max=14.8408336639404
Min=-38.1012382507324
Incr=0
Auto=1
Inv=0
Log=0
iAxisType=2
UnitIndex=1
