Untituled                       
[AxisX]
Max=705.273254394531
Min=-202.962203979492
Incr=0
Auto=1
Inv=0
Log=0
iAxisType=2
UnitIndex=0
[AxisY]
Max=18.5669612884521
Min=-23.9536285400391
Incr=0
Auto=1
Inv=0
Log=0
iAxisType=2
UnitIndex=1
