Untituled                       
[AxisX]
Max=704.741577148438
Min=-203.608093261719
Incr=0
Auto=1
Inv=0
Log=0
iAxisType=2
UnitIndex=0
[AxisY]
Max=7.58258390426636
Min=-14.7741861343384
Incr=0
Auto=1
Inv=0
Log=0
iAxisType=2
UnitIndex=1
