Untituled                       
[AxisX]
Max=704.248291015625
Min=-204.746765136719
Incr=0
Auto=1
Inv=0
Log=0
iAxisType=2
UnitIndex=0
[AxisY]
Max=7.46632862091064
Min=-14.7158098220825
Incr=0
Auto=1
Inv=0
Log=0
iAxisType=2
UnitIndex=1
