Untituled                       
[AxisX]
Max=701.248779296875
Min=-200.9501953125
Incr=0
Auto=1
Inv=0
Log=0
iAxisType=2
UnitIndex=0
[AxisY]
Max=6.14653396606445
Min=-12.2123489379883
Incr=0
Auto=1
Inv=0
Log=0
iAxisType=2
UnitIndex=1
