Untituled                       
[AxisX]
Max=700.413330078125
Min=-200.228500366211
Incr=0
Auto=1
Inv=0
Log=0
iAxisType=2
UnitIndex=0
[AxisY]
Max=5.73889541625977
Min=-11.7659587860107
Incr=0
Auto=1
Inv=0
Log=0
iAxisType=2
UnitIndex=1
