Untituled                       
[AxisX]
Max=1139.937
Min=0.154
Incr=0
Auto=1
Inv=0
Log=0
iAxisType=0
UnitIndex=1
[AxisY]
Max=34.9465255737305
Min=-93.0810089111328
Incr=0
Auto=1
Inv=0
Log=0
iAxisType=0
UnitIndex=1
