Untituled                        
[AxisX]
Max=1199.996
Min=0.154
Incr=0
Auto=1
Inv=0
Log=0
iAxisType=0
UnitIndex=1
[AxisY]
Max=77.7386245727539
Min=-58.2650566101074
Incr=0
Auto=1
Inv=0
Log=0
iAxisType=0
UnitIndex=1
