Untituled                        
[AxisX]
Max=1139.932
Min=0.154
Incr=0
Auto=1
Inv=0
Log=0
iAxisType=0
UnitIndex=1
[AxisY]
Max=12.7837619781494
Min=-42.8560256958008
Incr=0
Auto=1
Inv=0
Log=0
iAxisType=0
UnitIndex=1
