Untituled     
[AxisX]
Max=319.934
Min=0.154
Incr=0
Auto=1
Inv=0
Log=0
iAxisType=0
UnitIndex=1
[AxisY]
Max=103.317008972168
Min=-169.447265625
Incr=0
Auto=1
Inv=0
Log=0
iAxisType=0
UnitIndex=1
