Untituled       
[AxisX]
Max=550.64353
Min=-245.46029
Incr=0
Auto=0
Inv=0
Log=0
iAxisType=0
UnitIndex=1
[AxisY]
Max=137.87341
Min=-156.96947
Incr=0
Auto=0
Inv=0
Log=0
iAxisType=0
UnitIndex=1
