Untituled      
[AxisX]
Max=1200.032
Min=0.154
Incr=0
Auto=1
Inv=0
Log=0
iAxisType=0
UnitIndex=1
[AxisY]
Max=65.9188690185547
Min=-112.930931091309
Incr=0
Auto=1
Inv=0
Log=0
iAxisType=0
UnitIndex=1
