Untituled      
[AxisX]
Max=499.939
Min=0.154
Incr=0
Auto=1
Inv=0
Log=0
iAxisType=0
UnitIndex=1
[AxisY]
Max=64.4459381103516
Min=-109.079559326172
Incr=0
Auto=1
Inv=0
Log=0
iAxisType=0
UnitIndex=1
