Untituled    
[AxisX]
Max=799.944
Min=0.154
Incr=0
Auto=1
Inv=0
Log=0
iAxisType=0
UnitIndex=1
[AxisY]
Max=33.102840423584
Min=-73.6547164916992
Incr=0
Auto=1
Inv=0
Log=0
iAxisType=0
UnitIndex=1
