Untituled    
[AxisX]
Max=609.846
Min=0.154
Incr=0
Auto=1
Inv=0
Log=0
iAxisType=0
UnitIndex=1
[AxisY]
Max=31.12327003479
Min=-70.5883560180664
Incr=0
Auto=1
Inv=0
Log=0
iAxisType=0
UnitIndex=1
