Untituled    
[AxisX]
Max=839.997
Min=0.154
Incr=0
Auto=1
Inv=0
Log=0
iAxisType=0
UnitIndex=1
[AxisY]
Max=33.1803436279297
Min=-70.6467361450195
Incr=0
Auto=1
Inv=0
Log=0
iAxisType=0
UnitIndex=1
