Untituled   
[AxisX]
Max=659.996
Min=0.154
Incr=0
Auto=1
Inv=0
Log=0
iAxisType=0
UnitIndex=1
[AxisY]
Max=5.85873413085938
Min=-9.50128746032715
Incr=0
Auto=1
Inv=0
Log=0
iAxisType=0
UnitIndex=1
