Untituled   
[AxisX]
Max=1600.056
Min=0.154
Incr=0
Auto=1
Inv=0
Log=0
iAxisType=0
UnitIndex=1
[AxisY]
Max=6.51711511611938
Min=-9.64561176300049
Incr=0
Auto=1
Inv=0
Log=0
iAxisType=0
UnitIndex=1
