Untituled    
[AxisX]
Max=659.994
Min=0.154
Incr=0
Auto=1
Inv=0
Log=0
iAxisType=0
UnitIndex=1
[AxisY]
Max=12.9921064376831
Min=-23.99733543396
Incr=0
Auto=1
Inv=0
Log=0
iAxisType=0
UnitIndex=1
