Untituled                            
[AxisX]
Max=799.942
Min=0.154
Incr=0
Auto=1
Inv=0
Log=0
iAxisType=0
UnitIndex=1
[AxisY]
Max=29.7259712219238
Min=-67.0564880371094
Incr=0
Auto=1
Inv=0
Log=0
iAxisType=0
UnitIndex=1
