Untituled                            
[AxisX]
Max=479.972
Min=0.154
Incr=0
Auto=1
Inv=0
Log=0
iAxisType=0
UnitIndex=1
[AxisY]
Max=29.8812255859375
Min=-65.2709274291992
Incr=0
Auto=1
Inv=0
Log=0
iAxisType=0
UnitIndex=1
