Untituled                            
[AxisX]
Max=259.969
Min=0.154
Incr=0
Auto=1
Inv=0
Log=0
iAxisType=0
UnitIndex=1
[AxisY]
Max=30.9680137634277
Min=-64.7470321655273
Incr=0
Auto=1
Inv=0
Log=0
iAxisType=0
UnitIndex=1
