Untituled                            
[AxisX]
Max=700.299621582031
Min=-200.494338989258
Incr=0
Auto=1
Inv=0
Log=0
iAxisType=2
UnitIndex=0
[AxisY]
Max=4.47747707366943
Min=-11.2420654296875
Incr=0
Auto=1
Inv=0
Log=0
iAxisType=2
UnitIndex=1
