Untituled                            
[AxisX]
Max=700.299621582031
Min=-200.001052856445
Incr=0
Auto=1
Inv=0
Log=0
iAxisType=2
UnitIndex=0
[AxisY]
Max=5.29275369644165
Min=-9.86414241790771
Incr=0
Auto=1
Inv=0
Log=0
iAxisType=2
UnitIndex=1
