Untituled                            
[AxisX]
Max=700.907104492188
Min=-201.178131103516
Incr=0
Auto=1
Inv=0
Log=0
iAxisType=2
UnitIndex=0
[AxisY]
Max=5.64201641082764
Min=-11.2420654296875
Incr=0
Auto=1
Inv=0
Log=0
iAxisType=2
UnitIndex=1
