Untituled                            
[AxisX]
Max=701.210876464844
Min=-201.823532104492
Incr=0
Auto=1
Inv=0
Log=0
iAxisType=2
UnitIndex=0
[AxisY]
Max=5.95252704620361
Min=-12.8139944076538
Incr=0
Auto=1
Inv=0
Log=0
iAxisType=2
UnitIndex=1
