Untituled                            
[AxisX]
Max=701.476684570313
Min=-202.772674560547
Incr=0
Auto=1
Inv=0
Log=0
iAxisType=2
UnitIndex=0
[AxisY]
Max=6.14653396606445
Min=-13.8620300292969
Incr=0
Auto=1
Inv=0
Log=0
iAxisType=2
UnitIndex=1
