Untituled                            
[AxisX]
Max=701.590393066406
Min=-201.557693481445
Incr=0
Auto=1
Inv=0
Log=0
iAxisType=2
UnitIndex=0
[AxisY]
Max=6.39891719818115
Min=-14.8129377365112
Incr=0
Auto=1
Inv=0
Log=0
iAxisType=2
UnitIndex=1
