Untituled                            
[AxisX]
Max=703.2607421875
Min=-203.987640380859
Incr=0
Auto=1
Inv=0
Log=0
iAxisType=2
UnitIndex=0
[AxisY]
Max=6.76755523681641
Min=-15.6085901260376
Incr=0
Auto=1
Inv=0
Log=0
iAxisType=2
UnitIndex=1
