Untituled                            
[AxisX]
Max=1199.993
Min=0.154
Incr=0
Auto=1
Inv=0
Log=0
iAxisType=0
UnitIndex=1
[AxisY]
Max=33.8597412109375
Min=-68.5312881469727
Incr=0
Auto=1
Inv=0
Log=0
iAxisType=0
UnitIndex=1
