Untituled                            
[AxisX]
Max=599.999
Min=0.154
Incr=0
Auto=1
Inv=0
Log=0
iAxisType=0
UnitIndex=1
[AxisY]
Max=21.228821105957
Min=-80.7933155822754
Incr=0
Auto=1
Inv=0
Log=0
iAxisType=0
UnitIndex=1
