Untituled                            
[AxisX]
Max=929.974
Min=0.154
Incr=0
Auto=1
Inv=0
Log=0
iAxisType=0
UnitIndex=1
[AxisY]
Max=37.0229759216309
Min=-72.8009338378906
Incr=0
Auto=1
Inv=0
Log=0
iAxisType=0
UnitIndex=1
