Untituled      
[AxisX]
Max=119.97
Min=0.154
Incr=0
Auto=1
Inv=0
Log=0
iAxisType=0
UnitIndex=1
[AxisY]
Max=11.0288324356079
Min=-15.221022605896
Incr=0
Auto=1
Inv=0
Log=0
iAxisType=0
UnitIndex=1
