Untituled      
[AxisX]
Max=2
Min=0.066
Incr=0
Auto=1
Inv=0
Log=0
iAxisType=0
UnitIndex=1
[AxisY]
Max=15.1827116012573
Min=-40.5120048522949
Incr=0
Auto=1
Inv=0
Log=0
iAxisType=0
UnitIndex=1
