Untituled                 
[AxisX]
Max=799.943
Min=0.154
Incr=0
Auto=1
Inv=0
Log=0
iAxisType=0
UnitIndex=1
[AxisY]
Max=28.0762901306152
Min=-73.6353378295898
Incr=0
Auto=1
Inv=0
Log=0
iAxisType=0
UnitIndex=1
