Untituled                 
[AxisX]
Max=1600.056
Min=0.154
Incr=0
Auto=1
Inv=0
Log=0
iAxisType=0
UnitIndex=1
[AxisY]
Max=29.3183326721191
Min=-75.711784362793
Incr=0
Auto=1
Inv=0
Log=0
iAxisType=0
UnitIndex=1
