Untituled                 
[AxisX]
Max=559.934
Min=0.154
Incr=0
Auto=1
Inv=0
Log=0
iAxisType=0
UnitIndex=1
[AxisY]
Max=18.0135287475586
Min=-94.9542332458496
Incr=0
Auto=0
Inv=0
Log=0
iAxisType=0
UnitIndex=1
