Untituled                 
[AxisX]
Max=189.972
Min=0.154
Incr=0
Auto=1
Inv=0
Log=0
iAxisType=0
UnitIndex=1
[AxisY]
Max=31.9966735839844
Min=-80.330696105957
Incr=0
Auto=1
Inv=0
Log=0
iAxisType=0
UnitIndex=1
