Untituled                 
[AxisX]
Max=1600.056
Min=0.154
Incr=0
Auto=1
Inv=0
Log=0
iAxisType=0
UnitIndex=1
[AxisY]
Max=33.7044830322266
Min=-84.4838333129883
Incr=0
Auto=1
Inv=0
Log=0
iAxisType=0
UnitIndex=1
