Untituled                 
[AxisX]
Max=659.974
Min=0.154
Incr=0
Auto=1
Inv=0
Log=0
iAxisType=0
UnitIndex=1
[AxisY]
Max=34.2477531433105
Min=-82.4655151367188
Incr=0
Auto=1
Inv=0
Log=0
iAxisType=0
UnitIndex=1
