Untituled                 
[AxisX]
Max=1600.056
Min=0.154
Incr=0
Auto=1
Inv=0
Log=0
iAxisType=0
UnitIndex=1
[AxisY]
Max=34.8687744140625
Min=-84.2120742797852
Incr=0
Auto=1
Inv=0
Log=0
iAxisType=0
UnitIndex=1
