Untituled                 
[AxisX]
Max=899.998
Min=0.154
Incr=0
Auto=1
Inv=0
Log=0
iAxisType=0
UnitIndex=1
[AxisY]
Max=34.9465255737305
Min=-82.6789016723633
Incr=0
Auto=1
Inv=0
Log=0
iAxisType=0
UnitIndex=1
