Untituled                 
[AxisX]
Max=1600.056
Min=0.154
Incr=0
Auto=1
Inv=0
Log=0
iAxisType=0
UnitIndex=1
[AxisY]
Max=37.2169799804688
Min=-86.6380310058594
Incr=0
Auto=1
Inv=0
Log=0
iAxisType=0
UnitIndex=1
