Untituled                 
[AxisX]
Max=899.998
Min=0.154
Incr=0
Auto=1
Inv=0
Log=0
iAxisType=0
UnitIndex=1
[AxisY]
Max=34.6941452026367
Min=-83.086540222168
Incr=0
Auto=1
Inv=0
Log=0
iAxisType=0
UnitIndex=1
