Untituled                         
[AxisX]
Max=799.94
Min=0.154
Incr=0
Auto=1
Inv=0
Log=0
iAxisType=0
UnitIndex=1
[AxisY]
Max=16.0441246032715
Min=-687.321350097656
Incr=0
Auto=1
Inv=0
Log=0
iAxisType=0
UnitIndex=1
