Untituled                          
[AxisX]
Max=479.971
Min=0.154
Incr=0
Auto=1
Inv=0
Log=0
iAxisType=0
UnitIndex=1
[AxisY]
Max=16.3158836364746
Min=-42.5648918151855
Incr=0
Auto=1
Inv=0
Log=0
iAxisType=0
UnitIndex=1
