Untituled                          
[AxisX]
Max=704.589965820313
Min=-338.129150390625
Incr=0
Auto=1
Inv=0
Log=0
iAxisType=2
UnitIndex=0
[AxisY]
Max=-489.739440917969
Min=-622.30810546875
Incr=0
Auto=1
Inv=0
Log=0
iAxisType=2
UnitIndex=1
