Untituled                          
[AxisX]
Max=700.337524414063
Min=-200.988098144531
Incr=0
Auto=1
Inv=0
Log=0
iAxisType=2
UnitIndex=0
[AxisY]
Max=-0.335438877344131
Min=-10.9121780395508
Incr=0
Auto=1
Inv=0
Log=0
iAxisType=2
UnitIndex=1
