Untituled                          
[AxisX]
Max=700.641296386719
Min=-200.874389648438
Incr=0
Auto=1
Inv=0
Log=0
iAxisType=2
UnitIndex=0
[AxisY]
Max=-0.218935266137123
Min=-10.9315538406372
Incr=0
Auto=1
Inv=0
Log=0
iAxisType=2
UnitIndex=1
