Untituled                           
[AxisX]
Max=703.716613769531
Min=-217.997817993164
Incr=0
Auto=1
Inv=0
Log=0
iAxisType=2
UnitIndex=0
[AxisY]
Max=-0.0249281860888004
Min=-10.79567527771
Incr=0
Auto=1
Inv=0
Log=0
iAxisType=2
UnitIndex=1
