Untituled                           
[AxisX]
Max=1199.991
Min=0.154
Incr=0
Auto=1
Inv=0
Log=0
iAxisType=0
UnitIndex=1
[AxisY]
Max=17.5773029327393
Min=-43.865062713623
Incr=0
Auto=1
Inv=0
Log=0
iAxisType=0
UnitIndex=1
