Untituled                           
[AxisX]
Max=479.973
Min=0.154
Incr=0
Auto=1
Inv=0
Log=0
iAxisType=0
UnitIndex=1
[AxisY]
Max=27.0478782653809
Min=-656.871765136719
Incr=0
Auto=1
Inv=0
Log=0
iAxisType=0
UnitIndex=1
