Untituled                           
[AxisX]
Max=479.973
Min=0.154
Incr=0
Auto=1
Inv=0
Log=0
iAxisType=0
UnitIndex=1
[AxisY]
Max=40.5744705200195
Min=-46.0970115661621
Incr=0
Auto=1
Inv=0
Log=0
iAxisType=0
UnitIndex=1
