Untituled                           
[AxisX]
Max=479.971
Min=0.154
Incr=0
Auto=1
Inv=0
Log=0
iAxisType=0
UnitIndex=1
[AxisY]
Max=8.94113063812256
Min=-44.1755714416504
Incr=0
Auto=1
Inv=0
Log=0
iAxisType=0
UnitIndex=1
