Untituled                           
[AxisX]
Max=479.973
Min=0.154
Incr=0
Auto=1
Inv=0
Log=0
iAxisType=0
UnitIndex=1
[AxisY]
Max=38.8666610717773
Min=-44.7190895080566
Incr=0
Auto=1
Inv=0
Log=0
iAxisType=0
UnitIndex=1
