Untituled                           
[AxisX]
Max=479.97
Min=0.154
Incr=0
Auto=1
Inv=0
Log=0
iAxisType=0
UnitIndex=1
[AxisY]
Max=8.84400272369385
Min=-43.4380493164063
Incr=0
Auto=1
Inv=0
Log=0
iAxisType=0
UnitIndex=1
