Untituled                           
[AxisX]
Max=479.972
Min=0.154
Incr=0
Auto=1
Inv=0
Log=0
iAxisType=0
UnitIndex=1
[AxisY]
Max=17.7906856536865
Min=-43.8069343566895
Incr=0
Auto=1
Inv=0
Log=0
iAxisType=0
UnitIndex=1
