Untituled                           
[AxisX]
Max=479.975
Min=0.154
Incr=0
Auto=1
Inv=0
Log=0
iAxisType=0
UnitIndex=1
[AxisY]
Max=20.2553939819336
Min=-54.7329368591309
Incr=0
Auto=1
Inv=0
Log=0
iAxisType=0
UnitIndex=1
