Untituled                           
[AxisX]
Max=479.99
Min=0.154
Incr=0
Auto=1
Inv=0
Log=0
iAxisType=0
UnitIndex=1
[AxisY]
Max=17.9653167724609
Min=-33.9480972290039
Incr=0
Auto=1
Inv=0
Log=0
iAxisType=0
UnitIndex=1
