Untituled            
[AxisX]
Max=1079.898
Min=0.193
Incr=0
Auto=1
Inv=0
Log=0
iAxisType=0
UnitIndex=1
[AxisY]
Max=14.8446378707886
Min=-28.2184314727783
Incr=0
Auto=1
Inv=0
Log=0
iAxisType=0
UnitIndex=1
