Untituled            
[AxisX]
Max=1799.921
Min=0.193
Incr=0
Auto=1
Inv=0
Log=0
iAxisType=0
UnitIndex=1
[AxisY]
Max=14.9276695251465
Min=-27.9653625488281
Incr=0
Auto=1
Inv=0
Log=0
iAxisType=0
UnitIndex=1
