Untituled            
[AxisX]
Max=2250.008
Min=0.193
Incr=0
Auto=1
Inv=0
Log=0
iAxisType=0
UnitIndex=1
[AxisY]
Max=15.0225706100464
Min=-27.4434108734131
Incr=0
Auto=1
Inv=0
Log=0
iAxisType=0
UnitIndex=1
