Untituled     
[AxisX]
Max=799.944
Min=0.154
Incr=0
Auto=1
Inv=0
Log=0
iAxisType=0
UnitIndex=1
[AxisY]
Max=26.4462337493896
Min=-57.4694061279297
Incr=0
Auto=1
Inv=0
Log=0
iAxisType=0
UnitIndex=1
