Untituled     
[AxisX]
Max=1200.032
Min=0.154
Incr=0
Auto=1
Inv=0
Log=0
iAxisType=0
UnitIndex=1
[AxisY]
Max=27.2225093841553
Min=-59.3712196350098
Incr=0
Auto=1
Inv=0
Log=0
iAxisType=0
UnitIndex=1
