Untituled     
[AxisX]
Max=1259.997
Min=0.154
Incr=0
Auto=1
Inv=0
Log=0
iAxisType=0
UnitIndex=1
[AxisY]
Max=27.7657794952393
Min=-62.1658172607422
Incr=0
Auto=1
Inv=0
Log=0
iAxisType=0
UnitIndex=1
