Untituled     
[AxisX]
Max=1600.056
Min=0.154
Incr=0
Auto=1
Inv=0
Log=0
iAxisType=0
UnitIndex=1
[AxisY]
Max=31.0067653656006
Min=-66.2412109375
Incr=0
Auto=1
Inv=0
Log=0
iAxisType=0
UnitIndex=1
