Untituled     
[AxisX]
Max=1259.997
Min=0.154
Incr=0
Auto=1
Inv=0
Log=0
iAxisType=0
UnitIndex=1
[AxisY]
Max=31.491907119751
Min=-67.6775054931641
Incr=0
Auto=1
Inv=0
Log=0
iAxisType=0
UnitIndex=1
