Untituled     
[AxisX]
Max=1600.056
Min=0.154
Incr=0
Auto=1
Inv=0
Log=0
iAxisType=0
UnitIndex=1
[AxisY]
Max=33.2387199401855
Min=-69.7927017211914
Incr=0
Auto=1
Inv=0
Log=0
iAxisType=0
UnitIndex=1
