Untituled     
[AxisX]
Max=1379.998
Min=0.154
Incr=0
Auto=1
Inv=0
Log=0
iAxisType=0
UnitIndex=1
[AxisY]
Max=32.9669609069824
Min=-68.2014007568359
Incr=0
Auto=1
Inv=0
Log=0
iAxisType=0
UnitIndex=1
