Untituled     
[AxisX]
Max=920.017
Min=0.154
Incr=0
Auto=1
Inv=0
Log=0
iAxisType=0
UnitIndex=1
[AxisY]
Max=33.5298538208008
Min=-70.8019866943359
Incr=0
Auto=1
Inv=0
Log=0
iAxisType=0
UnitIndex=1
