Untituled     
[AxisX]
Max=1379.999
Min=0.154
Incr=0
Auto=1
Inv=0
Log=0
iAxisType=0
UnitIndex=1
[AxisY]
Max=34.5582656860352
Min=-69.8120803833008
Incr=0
Auto=1
Inv=0
Log=0
iAxisType=0
UnitIndex=1
