Untituled  
[AxisX]
Max=804.408264160156
Min=-804.947021484375
Incr=0
Auto=1
Inv=0
Log=0
iAxisType=2
UnitIndex=0
[AxisY]
Max=481.73291015625
Min=-626.57763671875
Incr=0
Auto=0
Inv=0
Log=0
iAxisType=2
UnitIndex=1
