Untituled    
[AxisX]
Max=11
Min=0.066
Incr=0
Auto=1
Inv=0
Log=0
iAxisType=1
UnitIndex=1
[AxisY]
Max=37.6037101745605
Min=-682.044067382813
Incr=0
Auto=1
Inv=0
Log=0
iAxisType=1
UnitIndex=0
