Untituled    
[AxisX]
Max=1.202
Min=0.061
Incr=0
Auto=1
Inv=0
Log=0
iAxisType=1
UnitIndex=1
[AxisY]
Max=28.6050834655762
Min=-1142.36987304688
Incr=0
Auto=1
Inv=0
Log=0
iAxisType=1
UnitIndex=0
