Untituled    
[AxisX]
Max=31
Min=0.066
Incr=0
Auto=1
Inv=0
Log=0
iAxisType=1
UnitIndex=1
[AxisY]
Max=2.74293712615972
Min=-425.765693626404
Incr=0
Auto=0
Inv=0
Log=0
iAxisType=1
UnitIndex=0
