Untituled    
[AxisX]
Max=3.001
Min=0.061
Incr=0
Auto=1
Inv=0
Log=0
iAxisType=1
UnitIndex=1
[AxisY]
Max=228.619551544189
Min=-878.986397857666
Incr=0
Auto=1
Inv=0
Log=0
iAxisType=1
UnitIndex=0
