Untituled   
[AxisX]
Max=2.986
Min=0.154
Incr=0
Auto=1
Inv=0
Log=0
iAxisType=0
UnitIndex=1
[AxisY]
Max=-47.6883163452148
Min=-734.033813476563
Incr=0
Auto=1
Inv=0
Log=0
iAxisType=0
UnitIndex=1
