Untituled   
[AxisX]
Max=1.2
Min=0.061
Incr=0
Auto=1
Inv=0
Log=0
iAxisType=0
UnitIndex=1
[AxisY]
Max=-72.024658203125
Min=-1012.91143798828
Incr=0
Auto=1
Inv=0
Log=0
iAxisType=0
UnitIndex=1
