Untituled   
[AxisX]
Max=10.985
Min=0.154
Incr=0
Auto=1
Inv=0
Log=0
iAxisType=0
UnitIndex=1
[AxisY]
Max=-259.167573928833
Min=-948.055379867554
Incr=0
Auto=1
Inv=0
Log=0
iAxisType=0
UnitIndex=1
