Untituled     
[AxisX]
Max=801.582458496094
Min=-801.885620117188
Incr=0
Auto=1
Inv=0
Log=0
iAxisType=2
UnitIndex=0
[AxisY]
Max=17.8300533294678
Min=-37.4099273681641
Incr=0
Auto=1
Inv=0
Log=0
iAxisType=2
UnitIndex=1
