Untituled                             
[AxisX]
Max=799.942
Min=0.154
Incr=0
Auto=1
Inv=0
Log=0
iAxisType=0
UnitIndex=1
[AxisY]
Max=37.6052436828613
Min=-82.4267654418945
Incr=0
Auto=1
Inv=0
Log=0
iAxisType=0
UnitIndex=1
