Untituled                             
[AxisX]
Max=1600.056
Min=0.154
Incr=0
Auto=1
Inv=0
Log=0
iAxisType=0
UnitIndex=1
[AxisY]
Max=38.808536529541
Min=-80.3500671386719
Incr=0
Auto=1
Inv=0
Log=0
iAxisType=0
UnitIndex=1
