Untituled                             
[AxisX]
Max=929.974
Min=0.154
Incr=0
Auto=1
Inv=0
Log=0
iAxisType=0
UnitIndex=1
[AxisY]
Max=40.1280822753906
Min=-77.0897064208984
Incr=0
Auto=1
Inv=0
Log=0
iAxisType=0
UnitIndex=1
