Untituled   
[AxisX]
Max=799.942
Min=0.154
Incr=0
Auto=1
Inv=0
Log=0
iAxisType=0
UnitIndex=1
[AxisY]
Max=19.8867568969727
Min=-60.8266448974609
Incr=0
Auto=1
Inv=0
Log=0
iAxisType=0
UnitIndex=1
