Untituled   
[AxisX]
Max=799.943
Min=0.154
Incr=0
Auto=1
Inv=0
Log=0
iAxisType=0
UnitIndex=1
[AxisY]
Max=19.3238620758057
Min=-57.3722763061523
Incr=0
Auto=1
Inv=0
Log=0
iAxisType=0
UnitIndex=1
