Untituled   
[AxisX]
Max=1349.99
Min=0.154
Incr=0
Auto=1
Inv=0
Log=0
iAxisType=0
UnitIndex=1
[AxisY]
Max=20.6240329742432
Min=-58.575569152832
Incr=0
Auto=1
Inv=0
Log=0
iAxisType=0
UnitIndex=1
