Untituled                  
[AxisX]
Max=799.943
Min=0.154
Incr=0
Auto=1
Inv=0
Log=0
iAxisType=0
UnitIndex=1
[AxisY]
Max=34.5582656860352
Min=-89.723762512207
Incr=0
Auto=1
Inv=0
Log=0
iAxisType=0
UnitIndex=1
