Untituled       
[AxisX]
Max=399.987
Min=0.154
Incr=0
Auto=1
Inv=0
Log=0
iAxisType=0
UnitIndex=1
[AxisY]
Max=17.7845764160156
Min=-35.266773223877
Incr=0
Auto=1
Inv=0
Log=0
iAxisType=0
UnitIndex=1
