Untituled       
[AxisX]
Max=2200.008
Min=0.154
Incr=0
Auto=1
Inv=0
Log=0
iAxisType=0
UnitIndex=1
[AxisY]
Max=18.0633316040039
Min=-36.3324165344238
Incr=0
Auto=1
Inv=0
Log=0
iAxisType=0
UnitIndex=1
