Untituled       
[AxisX]
Max=1600.056
Min=0.154
Incr=0
Auto=1
Inv=0
Log=0
iAxisType=0
UnitIndex=1
[AxisY]
Max=18.203706741333
Min=-36.0773735046387
Incr=0
Auto=1
Inv=0
Log=0
iAxisType=0
UnitIndex=1
