Untituled       
[AxisX]
Max=659.996
Min=0.154
Incr=0
Auto=1
Inv=0
Log=0
iAxisType=0
UnitIndex=1
[AxisY]
Max=15.4871768951416
Min=-29.6617012023926
Incr=0
Auto=1
Inv=0
Log=0
iAxisType=0
UnitIndex=1
