Untituled       
[AxisX]
Max=1600.056
Min=0.154
Incr=0
Auto=1
Inv=0
Log=0
iAxisType=0
UnitIndex=1
[AxisY]
Max=15.0621242523193
Min=-28.7324619293213
Incr=0
Auto=1
Inv=0
Log=0
iAxisType=0
UnitIndex=1
