Untituled       
[AxisX]
Max=879.998
Min=0.154
Incr=0
Auto=1
Inv=0
Log=0
iAxisType=0
UnitIndex=1
[AxisY]
Max=14.6192560195923
Min=-28.1057395935059
Incr=0
Auto=1
Inv=0
Log=0
iAxisType=0
UnitIndex=1
