Untituled       
[AxisX]
Max=719.938
Min=0.154
Incr=0
Auto=1
Inv=0
Log=0
iAxisType=0
UnitIndex=1
[AxisY]
Max=14.4966697692871
Min=-27.8467254638672
Incr=0
Auto=1
Inv=0
Log=0
iAxisType=0
UnitIndex=1
