Untituled       
[AxisX]
Max=1600.056
Min=0.154
Incr=0
Auto=1
Inv=0
Log=0
iAxisType=0
UnitIndex=1
[AxisY]
Max=14.5895967483521
Min=-27.775562286377
Incr=0
Auto=1
Inv=0
Log=0
iAxisType=0
UnitIndex=1
