Untituled       
[AxisX]
Max=719.929
Min=0.174
Incr=0
Auto=1
Inv=0
Log=0
iAxisType=0
UnitIndex=1
[AxisY]
Max=14.0340366363525
Min=-26.6031494140625
Incr=0
Auto=1
Inv=0
Log=0
iAxisType=0
UnitIndex=1
