Untituled       
[AxisX]
Max=1600.055
Min=0.154
Incr=0
Auto=1
Inv=0
Log=0
iAxisType=0
UnitIndex=1
[AxisY]
Max=14.4492197036743
Min=-27.3643283843994
Incr=0
Auto=1
Inv=0
Log=0
iAxisType=0
UnitIndex=1
