Untituled       
[AxisX]
Max=1600.056
Min=0.154
Incr=0
Auto=1
Inv=0
Log=0
iAxisType=0
UnitIndex=1
[AxisY]
Max=14.2811574935913
Min=-27.1290512084961
Incr=0
Auto=1
Inv=0
Log=0
iAxisType=0
UnitIndex=1
