Untituled       
[AxisX]
Max=719.929
Min=0.174
Incr=0
Auto=1
Inv=0
Log=0
iAxisType=0
UnitIndex=1
[AxisY]
Max=13.966796875
Min=-26.6407051086426
Incr=0
Auto=1
Inv=0
Log=0
iAxisType=0
UnitIndex=1
