Untituled       
[AxisX]
Max=810.008
Min=0.174
Incr=0
Auto=1
Inv=0
Log=0
iAxisType=0
UnitIndex=1
[AxisY]
Max=13.7532835006714
Min=-26.112829208374
Incr=0
Auto=1
Inv=0
Log=0
iAxisType=0
UnitIndex=1
