Untituled                    
[AxisX]
Max=559.939
Min=0.154
Incr=0
Auto=1
Inv=0
Log=0
iAxisType=0
UnitIndex=1
[AxisY]
Max=38.1291389465332
Min=-88.7338562011719
Incr=0
Auto=1
Inv=0
Log=0
iAxisType=0
UnitIndex=1
