Untituled                    
[AxisX]
Max=1600.056
Min=0.154
Incr=0
Auto=1
Inv=0
Log=0
iAxisType=0
UnitIndex=1
[AxisY]
Max=38.6336555480957
Min=-86.8514175415039
Incr=0
Auto=1
Inv=0
Log=0
iAxisType=0
UnitIndex=1
