Untituled                    
[AxisX]
Max=1162.928
Min=0.154
Incr=0
Auto=1
Inv=0
Log=0
iAxisType=0
UnitIndex=1
[AxisY]
Max=39.0412940979004
Min=-230.831512451172
Incr=0
Auto=1
Inv=0
Log=0
iAxisType=0
UnitIndex=1
