Untituled                    
[AxisX]
Max=1492.55460938967
Min=-67.2163906103286
Incr=0
Auto=0
Inv=0
Log=0
iAxisType=0
UnitIndex=1
[AxisY]
Max=44.0926357539012
Min=-93.8324855534719
Incr=0
Auto=0
Inv=0
Log=0
iAxisType=0
UnitIndex=1
