Untituled                    
[AxisX]
Max=1559.926
Min=0.154
Incr=0
Auto=1
Inv=0
Log=0
iAxisType=0
UnitIndex=1
[AxisY]
Max=66.1334762573242
Min=-88.5398483276367
Incr=0
Auto=1
Inv=0
Log=0
iAxisType=0
UnitIndex=1
