Untituled                    
[AxisX]
Max=1451.981
Min=0.154
Incr=0
Auto=1
Inv=0
Log=0
iAxisType=0
UnitIndex=1
[AxisY]
Max=73.4886016845703
Min=-97.0401458740234
Incr=0
Auto=1
Inv=0
Log=0
iAxisType=0
UnitIndex=1
