Untituled                    
[AxisX]
Max=1559.927
Min=0.154
Incr=0
Auto=1
Inv=0
Log=0
iAxisType=0
UnitIndex=1
[AxisY]
Max=76.1085739135742
Min=-91.5090789794922
Incr=0
Auto=1
Inv=0
Log=0
iAxisType=0
UnitIndex=1
