Untituled                    
[AxisX]
Max=1559.926
Min=0.154
Incr=0
Auto=1
Inv=0
Log=0
iAxisType=0
UnitIndex=1
[AxisY]
Max=54.6445808410645
Min=-94.1871719360352
Incr=0
Auto=1
Inv=0
Log=0
iAxisType=0
UnitIndex=1
