Untituled                    
[AxisX]
Max=1559.926
Min=0.154
Incr=0
Auto=1
Inv=0
Log=0
iAxisType=0
UnitIndex=1
[AxisY]
Max=27.009126663208
Min=-88.0353317260742
Incr=0
Auto=1
Inv=0
Log=0
iAxisType=0
UnitIndex=1
