Untituled                    
[AxisX]
Max=1525.512
Min=0.154
Incr=0
Auto=1
Inv=0
Log=0
iAxisType=0
UnitIndex=1
[AxisY]
Max=47.5803375244141
Min=-93.3333892822266
Incr=0
Auto=1
Inv=0
Log=0
iAxisType=0
UnitIndex=1
