Untituled                    
[AxisX]
Max=1559.926
Min=0.154
Incr=0
Auto=1
Inv=0
Log=0
iAxisType=0
UnitIndex=1
[AxisY]
Max=93.05078125
Min=-96.0114822387695
Incr=0
Auto=1
Inv=0
Log=0
iAxisType=0
UnitIndex=1
