Untituled                    
[AxisX]
Max=1559.925
Min=0.154
Incr=0
Auto=1
Inv=0
Log=0
iAxisType=0
UnitIndex=1
[AxisY]
Max=21.3228073120117
Min=-90.4806671142578
Incr=0
Auto=1
Inv=0
Log=0
iAxisType=0
UnitIndex=1
