Untituled                    
[AxisX]
Max=1559.926
Min=0.154
Incr=0
Auto=1
Inv=0
Log=0
iAxisType=0
UnitIndex=1
[AxisY]
Max=6.34054088592529
Min=-83.5716781616211
Incr=0
Auto=1
Inv=0
Log=0
iAxisType=0
UnitIndex=1
