Untituled                    
[AxisX]
Max=1403.126
Min=0.154
Incr=0
Auto=1
Inv=0
Log=0
iAxisType=0
UnitIndex=1
[AxisY]
Max=0.130327165126801
Min=-41.3034744262695
Incr=0
Auto=1
Inv=0
Log=0
iAxisType=0
UnitIndex=1
