Untituled                    
[AxisX]
Max=1559.925
Min=0.154
Incr=0
Auto=1
Inv=0
Log=0
iAxisType=0
UnitIndex=1
[AxisY]
Max=7.27207326889038
Min=-82.8535308837891
Incr=0
Auto=1
Inv=0
Log=0
iAxisType=0
UnitIndex=1
