Untituled                    
[AxisX]
Max=1559.927
Min=0.154
Incr=0
Auto=1
Inv=0
Log=0
iAxisType=0
UnitIndex=1
[AxisY]
Max=42.2045288085938
Min=-91.6062088012695
Incr=0
Auto=1
Inv=0
Log=0
iAxisType=0
UnitIndex=1
