Untituled                    
[AxisX]
Max=1559.916
Min=0.154
Incr=0
Auto=1
Inv=0
Log=0
iAxisType=0
UnitIndex=1
[AxisY]
Max=56.2940139770508
Min=-131.836730957031
Incr=0
Auto=1
Inv=0
Log=0
iAxisType=0
UnitIndex=1
