Untituled                    
[AxisX]
Max=1015.647
Min=0.154
Incr=0
Auto=1
Inv=0
Log=0
iAxisType=0
UnitIndex=1
[AxisY]
Max=76.0308151245117
Min=-140.433898925781
Incr=0
Auto=1
Inv=0
Log=0
iAxisType=0
UnitIndex=1
