Untituled          
[AxisX]
Max=1079.901
Min=0.193
Incr=0
Auto=1
Inv=0
Log=0
iAxisType=0
UnitIndex=1
[AxisY]
Max=40.4914817810059
Min=-71.8232192993164
Incr=0
Auto=1
Inv=0
Log=0
iAxisType=0
UnitIndex=1
