Untituled          
[AxisX]
Max=1079.905
Min=0.193
Incr=0
Auto=1
Inv=0
Log=0
iAxisType=0
UnitIndex=1
[AxisY]
Max=67.0478057861328
Min=-98.338005065918
Incr=0
Auto=1
Inv=0
Log=0
iAxisType=0
UnitIndex=1
