Untituled     
[AxisX]
Max=719.939
Min=0.154
Incr=0
Auto=1
Inv=0
Log=0
iAxisType=0
UnitIndex=1
[AxisY]
Max=5.78362369537354
Min=-13.0541305541992
Incr=0
Auto=1
Inv=0
Log=0
iAxisType=0
UnitIndex=1
