Untituled     
[AxisX]
Max=600.012
Min=0.154
Incr=0
Auto=1
Inv=0
Log=0
iAxisType=0
UnitIndex=1
[AxisY]
Max=5.70848798751831
Min=-12.9829425811768
Incr=0
Auto=1
Inv=0
Log=0
iAxisType=0
UnitIndex=1
