Untituled     
[AxisX]
Max=600.012
Min=0.154
Incr=0
Auto=1
Inv=0
Log=0
iAxisType=0
UnitIndex=1
[AxisY]
Max=5.79546737670898
Min=-13.6294546127319
Incr=0
Auto=1
Inv=0
Log=0
iAxisType=0
UnitIndex=1
