Untituled     
[AxisX]
Max=719.996
Min=0.154
Incr=0
Auto=1
Inv=0
Log=0
iAxisType=0
UnitIndex=1
[AxisY]
Max=5.78954553604126
Min=-13.1529788970947
Incr=0
Auto=1
Inv=0
Log=0
iAxisType=0
UnitIndex=1
