Untituled     
[AxisX]
Max=600.012
Min=0.154
Incr=0
Auto=1
Inv=0
Log=0
iAxisType=0
UnitIndex=1
[AxisY]
Max=5.76780700683594
Min=-13.4772338867188
Incr=0
Auto=1
Inv=0
Log=0
iAxisType=0
UnitIndex=1
