Untituled     
[AxisX]
Max=600.012
Min=0.154
Incr=0
Auto=1
Inv=0
Log=0
iAxisType=0
UnitIndex=1
[AxisY]
Max=5.77372884750366
Min=-13.3526744842529
Incr=0
Auto=1
Inv=0
Log=0
iAxisType=0
UnitIndex=1
