Untituled     
[AxisX]
Max=599.996
Min=0.154
Incr=0
Auto=1
Inv=0
Log=0
iAxisType=0
UnitIndex=1
[AxisY]
Max=5.71440982818604
Min=-12.7714033126831
Incr=0
Auto=1
Inv=0
Log=0
iAxisType=0
UnitIndex=1
