Untituled     
[AxisX]
Max=719.973
Min=0.154
Incr=0
Auto=1
Inv=0
Log=0
iAxisType=0
UnitIndex=1
[AxisY]
Max=5.86468124389648
Min=-13.5839786529541
Incr=0
Auto=1
Inv=0
Log=0
iAxisType=0
UnitIndex=1
