Untituled     
[AxisX]
Max=0.701299438476563
Min=-0.201021759033203
Incr=0
Auto=1
Inv=0
Log=0
iAxisType=2
UnitIndex=1
[AxisY]
Max=1.69498562812805
Min=-1.76095795631409
Incr=0
Auto=1
Inv=0
Log=0
iAxisType=2
UnitIndex=1
