Untituled                
[AxisX]
Max=799.943
Min=0.154
Incr=0
Auto=1
Inv=0
Log=0
iAxisType=0
UnitIndex=1
[AxisY]
Max=41.1008309936524
Min=-119.913622894287
Incr=0
Auto=0
Inv=0
Log=0
iAxisType=0
UnitIndex=1
