Untituled                
[AxisX]
Max=1600.056
Min=0.154
Incr=0
Auto=1
Inv=0
Log=0
iAxisType=0
UnitIndex=1
[AxisY]
Max=62.8504219055176
Min=-102.38907623291
Incr=0
Auto=1
Inv=0
Log=0
iAxisType=0
UnitIndex=1
