Untituled                
[AxisX]
Max=479.94
Min=0.154
Incr=0
Auto=1
Inv=0
Log=0
iAxisType=0
UnitIndex=1
[AxisY]
Max=63.4139022827148
Min=-102.541313171387
Incr=0
Auto=1
Inv=0
Log=0
iAxisType=0
UnitIndex=1
