Untituled                
[AxisX]
Max=1600.056
Min=0.154
Incr=0
Auto=1
Inv=0
Log=0
iAxisType=0
UnitIndex=1
[AxisY]
Max=66.5475921630859
Min=-107.448455810547
Incr=0
Auto=1
Inv=0
Log=0
iAxisType=0
UnitIndex=1
