Untituled                
[AxisX]
Max=799.941
Min=0.154
Incr=0
Auto=1
Inv=0
Log=0
iAxisType=0
UnitIndex=1
[AxisY]
Max=62.9631118774414
Min=-101.882942199707
Incr=0
Auto=1
Inv=0
Log=0
iAxisType=0
UnitIndex=1
