Untituled                
[AxisX]
Max=1600.056
Min=0.154
Incr=0
Auto=1
Inv=0
Log=0
iAxisType=0
UnitIndex=1
[AxisY]
Max=64.6238708496094
Min=-104.020172119141
Incr=0
Auto=1
Inv=0
Log=0
iAxisType=0
UnitIndex=1
