Untituled                
[AxisX]
Max=479.939
Min=0.154
Incr=0
Auto=1
Inv=0
Log=0
iAxisType=0
UnitIndex=1
[AxisY]
Max=68.0264663696289
Min=-108.937202453613
Incr=0
Auto=1
Inv=0
Log=0
iAxisType=0
UnitIndex=1
