Untituled                
[AxisX]
Max=479.94
Min=0.154
Incr=0
Auto=1
Inv=0
Log=0
iAxisType=0
UnitIndex=1
[AxisY]
Max=68.2459259033203
Min=-108.844276428223
Incr=0
Auto=1
Inv=0
Log=0
iAxisType=0
UnitIndex=1
