Untituled                
[AxisX]
Max=1600.056
Min=0.154
Incr=0
Auto=1
Inv=0
Log=0
iAxisType=0
UnitIndex=1
[AxisY]
Max=69.7860717773438
Min=-110.578201293945
Incr=0
Auto=1
Inv=0
Log=0
iAxisType=0
UnitIndex=1
