Untituled                
[AxisX]
Max=660.001
Min=0.154
Incr=0
Auto=1
Inv=0
Log=0
iAxisType=0
UnitIndex=1
[AxisY]
Max=66.1264572143555
Min=-104.947425842285
Incr=0
Auto=1
Inv=0
Log=0
iAxisType=0
UnitIndex=1
