Untituled                
[AxisX]
Max=660.001
Min=0.154
Incr=0
Auto=1
Inv=0
Log=0
iAxisType=0
UnitIndex=1
[AxisY]
Max=69.8849182128906
Min=-109.283195495605
Incr=0
Auto=1
Inv=0
Log=0
iAxisType=0
UnitIndex=1
