Untituled            
[AxisX]
Max=1245.441
Min=0.154
Incr=0
Auto=1
Inv=0
Log=0
iAxisType=0
UnitIndex=1
[AxisY]
Max=119.009742736816
Min=-85.016357421875
Incr=0
Auto=1
Inv=0
Log=0
iAxisType=0
UnitIndex=1
