Untituled     
[AxisX]
Max=214.216
Min=0.154
Incr=0
Auto=1
Inv=0
Log=0
iAxisType=0
UnitIndex=1
[AxisY]
Max=1.12023520469666
Min=-25.1179180145264
Incr=0
Auto=1
Inv=0
Log=0
iAxisType=0
UnitIndex=1
