Untituled     
[AxisX]
Max=1440.047
Min=0.154
Incr=0
Auto=1
Inv=0
Log=0
iAxisType=0
UnitIndex=1
[AxisY]
Max=5.64201641082764
Min=-27.1168613433838
Incr=0
Auto=1
Inv=0
Log=0
iAxisType=0
UnitIndex=1
