Untituled     
[AxisX]
Max=876.45
Min=0.154
Incr=0
Auto=1
Inv=0
Log=0
iAxisType=0
UnitIndex=1
[AxisY]
Max=6.30178928375244
Min=-28.51416015625
Incr=0
Auto=1
Inv=0
Log=0
iAxisType=0
UnitIndex=1
