Untituled      
[AxisX]
Max=1320.038
Min=0.154
Incr=0
Auto=1
Inv=0
Log=0
iAxisType=0
UnitIndex=1
[AxisY]
Max=6.45704460144043
Min=-28.9993019104004
Incr=0
Auto=1
Inv=0
Log=0
iAxisType=0
UnitIndex=1
