Untituled      
[AxisX]
Max=719.971
Min=0.193
Incr=0
Auto=1
Inv=0
Log=0
iAxisType=0
UnitIndex=1
[AxisY]
Max=11.5962610244751
Min=-20.0510482788086
Incr=0
Auto=1
Inv=0
Log=0
iAxisType=0
UnitIndex=1
