Untituled       
[AxisX]
Max=660.017
Min=0.154
Incr=0
Auto=1
Inv=0
Log=0
iAxisType=0
UnitIndex=1
[AxisY]
Max=1.43074595928192
Min=-25.2731742858887
Incr=0
Auto=1
Inv=0
Log=0
iAxisType=0
UnitIndex=1
