Untituled       
[AxisX]
Max=719.971
Min=0.193
Incr=0
Auto=1
Inv=0
Log=0
iAxisType=0
UnitIndex=1
[AxisY]
Max=7.11815166473389
Min=-16.2767963409424
Incr=0
Auto=1
Inv=0
Log=0
iAxisType=0
UnitIndex=1
