Untituled     
[AxisX]
Max=701.172973632813
Min=-201.405578613281
Incr=0
Auto=1
Inv=0
Log=0
iAxisType=2
UnitIndex=0
[AxisY]
Max=-3.36279392242432
Min=-8.48622035980225
Incr=0
Auto=1
Inv=0
Log=0
iAxisType=2
UnitIndex=1
